[8] [16] [24] [32] [40] [48] [56] [64]
[              64                    ]


001001100101101011110000

@ABCDEFGHIJKLMNOPQRSTUVWXYZ[\]^_

( bytepad(encode_string("KMAC") || encode_string(S), 136) || bytepad(encode_string(K), 136) || X || right_encode(0) || 00, L)

SPONGE[KECCAK-p[1600, 24], pad10*1, 1600 – c] (N, d)


43 41 4D 4B 20 01 88 01		43 41 4D 4B 20 01 88 01
67 61 54 20 79 4D A8 01		00 00 00 00 00 00 00 00
6C 70 70 41 20 64 65 67		00 00 00 00 00 00 00 00
00 6E 6F 69 74 61 63 69		00 00 00 00 00 00 00 00
00 00 00 00 00 00 00 00		00 00 00 00 00 00 00 00
00 00 00 00 00 00 00 00		-----------------------
00 00 00 00 00 00 00 00		43 41 4D 4B 20 01 88 01
00 00 00 00 00 00 00 00		
00 00 00 00 00 00 00 00
00 00 00 00 00 00 00 00
00 00 00 00 00 00 00 00
00 00 00 00 00 00 00 00
00 00 00 00 00 00 00 00
00 00 00 00 00 00 00 00
00 00 00 00 00 00 00 00
00 00 00 00 00 00 00 00
00 00 00 00 00 00 00 00
00 00 00 00 00 00 00 00
00 00 00 00 00 00 00 00
00 00 00 00 00 00 00 00
00 00 00 00 00 00 00 00
00 00 00 00 00 00 00 00
00 00 00 00 00 00 00 00
00 00 00 00 00 00 00 00
00 00 00 00 00 00 00 00